inv{{0.5,0.333333,0.25,0.2},{0.333333,0.25,0.2,0.166667},{0.25,0.2,0.166667,0.142857},{0.2,0.166667,0.142857,0.125}}

A:
       0.5   0.333333       0.25        0.2 
  0.333333       0.25        0.2   0.166667 
      0.25        0.2   0.166667   0.142857 
       0.2   0.166667   0.142857      0.125 

L:
         1          0          0          0 
  0.666667          1          0          0 
       0.5        1.2          1          0 
       0.4        1.2     1.7143          1 

U:
       0.5   0.333333       0.25        0.2 
         0  0.0277778  0.0333333  0.0333333 
         0          0 0.00166665 0.00285713 
         0          0          0 0.000102006 

LU:
       0.5   0.333333       0.25        0.2 
  0.333333       0.25        0.2   0.166667 
      0.25        0.2   0.166667   0.142857 
       0.2   0.166667   0.142857      0.125 

reversed A:
   200.078   -1200.54    2101.03   -1120.58 
  -1200.55    8103.83   -15127.3    8404.11 
   2101.07   -15127.4    29414.1   -16807.9 
  -1120.61    8404.21     -16808    9804.52 

A * reversed A:
         1  -0.000122   0.000488  -0.000122 
         0          1   0.000244   0.000122 
  1.53e-05  -0.000122          1          0 
         0   0.000122   0.000244          1 

