------------- Rozkład -------------

D:
       592       -592          0          0 
  -49.3333        181   -131.667          0 
         0   -131.667        181   -49.3333 
         0          0       -592        592 

Q:
  0.996546  0.0586203 0.00345424  -0.058722 
-0.0830455   0.703444  0.0414508  -0.704664 
         0  -0.708329  0.0414508  -0.704664 
         0          0  -0.998274  -0.058722 

R:
   594.052   -604.986    10.9343          0 
3.26014e-13    185.883   -220.828    34.9442 
1.92105e-14 -8.3449e-16    593.023   -593.023 
-3.26579e-13 1.41863e-14 1.13687e-13 2.06057e-13 

D=Q*R:
       592       -592 -1.86663e-14 1.49893e-14 
  -49.3333        181   -131.667 1.81648e-13 
5.04871e-29   -131.667        181   -49.3333 
1.4515e-28 -6.21228e-30       -592        592 

------------- Wylicznie wektorów -------------

H na początku:
       592       -592          0          0 
  -49.3333        181   -131.667          0 
         0   -131.667        181   -49.3333 
         0          0       -592        592 

H po przekształceniach:
   673.042 -0.00229279   -542.667 -0.0392397 
-0.00229279    641.333  0.0392397   -542.667 
-4.67264e-96 -2.89826e-86    231.625 5.60359e-12 
-1.12826e-109 -6.99817e-100 5.59284e-12 -4.81495e-15 

P:
  0.700624   0.704614  0.0959046   0.058722 
-0.0959088 -0.0587151   0.700573   0.704664 
 0.0959003  -0.058729  -0.700573   0.704664 
 -0.700522   0.704715 -0.0959046   0.058722 

----> Wartości własne

673.042	641.333	231.625	-4.81495e-15	

----> Wektory wartości własnych

X0:
  0.700624 
-0.0959088 
 0.0959003 
 -0.700522 

X1:
  0.704664 
 -0.058722 
 -0.058722 
  0.704664 

X2:
  0.603994 
  0.367678 
 -0.367678 
    -0.604 

X3:
       0.5 
       0.5 
       0.5 
       0.5 

