A:
       592       -592          0          0 
  -49.3333        181   -131.667          0 
         0   -131.667        181   -49.3333 
         0          0       -592        592 

Q:
    0.9135          0          0          0 
         0    1.49858          0          0 
         0          0  -0.247293          0 
         0          0          0   -1.07902 

R:
   540.792   -540.792          0          0 
    -73.93    271.243   -197.313          0 
         0    32.5603   -44.7601    12.1998 
         0          0    638.781   -638.781 

Qt:
    0.9135          0          0          0 
         0    1.49858          0          0 
         0          0  -0.247293          0 
         0          0          0   -1.07902 

A=Q*R:
   494.014   -494.014          0          0 
   -110.79     406.48    -295.69          0 
         0   -8.05194    11.0689   -3.01693 
         0          0    -689.26     689.26 

